15715
23686
59708
14229
2450
15859
62663
17857
48721
58138
8398
45633
28624
44599
62131
39698
15514
20682
29610
57260
26811
42518
47937
26869
35017
21173
31885
1980
63285
24569
54188
13464
48255
48360
27693
50706
64219
24820
3027
47404
17423
11426
27502
46047
56025
24097
20209
6003
44780
49819
63263
6055
26802
45664
32924
61819
1301
64809
63800
64586
23842
52452
12514
6562
35276
40208
57268
33960
65028
60295
15828
16915
6185
43330
62962
62210
1892
17635
2677
46672
1919
404
52727
28721
46068
20115
25004
47369
19388
23268
46419
43231
10184
58934
49793
45461
33606
41525
13885
33098
36284
29713
50014
42470
7508
47440
39144
9400
65076
41822
56072
1459
42226
43263
30180
22759
63378
55184
4592
17230
12917
51012
60461
23101
44410
44718
3026
12480
20707
16911
45578
56992
46625
30056
33926
54133
11961
7534
63533
11501
49356
54069
12960
26047
31796
43140
48806
29638
32788
53398
46868
45705
38874
41794
3271
17748
20976
6297
30228
41684
23209
10271
33140
4298
40327
1530
58431
52288
9064
56428
63789
58421
44961
11213
18932
11221
54353
2202
40859
21606
55600
22191
1775
28939
63985
5046
46687
19426
11344
11380
61110
34553
21651
28714
38851
61978
30244
31746
48731
39308
22638
46984
32193
2063
58198
51125
13284
47015
53327
54143
3085
43392
10798
4861
6795
9248
9907
53482
28674
21251
64862
24248
55804
20977
52962
29119
17420
17670
60865
615
56978
17967
47599
23636
20030
40261
9225
33314
21741
62553
21921
24826
40409
32720
29687
47204
41968
39595
35150
5106
60846
34477
29354
51115
55454
16780
14698
7338
34450
10028
7953
25892
27995
55553
49528
48026
30278
58754
15804
52019
55771
37726
11310
30644
4910
40997
12312
46878
15056
47462
51984
10367
16403
15802
61482
6322
32582
10644
13660
1496
20672
21614
27388
48668
11631
11381
31158
41909
4599
46962
28393
60370
19152
39703
25478
24062
15164
37790
5404
30221
19716
57388
40588
36120
7654
36534
42442
40236
47178
56102
41732
2315
12180
3585
50983
23811
14966
16605
185
19565
63567
28578
14399
17184
2745
39877
41246
17909
12131
46651
48130
31847
38503
23182
2431
46158
59716
44873
20858
41359
35440
62591
43674
47620
640
29121
5896
15606
45726
6081
35171
43757
34659
49570
60941
37404
23911
36652
55313
36042
17767
37908
2353
56270
61090
4785
36892
55271
49658
57751
31094
19562
54806
9232
1647
55446
38353
7543
5516
18543
13624
40687
62300
48283
24721
57706
20151
48632
28822
9928
19138
46589
47836
21491
37323
43391
26276
8680
33126
10399
895
64220
29961
55701
7916
31608
45611
46269
39151
51127
64812
52775
26278
61576
35522
50999
53746
55673
34095
17032
66
53233
63621
47902
9188
35409
25757
35465
44089
58883
45864
44984
57567
10289
35149
65483
41898
15224
46216
15513
815
45492
2753
27093
41533
38275
12556
29743
28413
46651
46776
28479
34348
44861
10845
43536
14734
36603
13465
58823
29950
59329
38271
21982
4083
7884
21929
45981
23108
2610
61494
23923
48102
64247
51016
24099
36987
63572
53843
65400
44687
35083
28343
13499
14408
39188
57036
29143
10255
4965
22430
40206
64295
60702
62188
2842
3050
18581
48823
26159
21191
44781
50082
3758
43493
35563
27857
14944
33599
16164
14808
12751
51247
43151
26250
120
16803
17750
29263
27059
22716
51693
1729
21475
46859
63917
24317
49910
16962
7604
10533
38154
52385
60615
41912
30342
30642
4233
45286
64242
20398
60094
11457
6109
37709
37707
6229
54513
55458
35492
16036
12638
21650
17765
34113
2973
16146
58430
52883
33108
498
63416
5726
52883
58496
47638
17690
23602
51872
62976
22308
6734
57535
33765
12843
29708
5937
19073
18685
61395
54565
34721
8497
10679
52486
42610
13653
3096
35504
1000
36205
36002
64417
41931
23349
57377
24034
41039
15443
10370
38480
37752
17104
30479
5981
29947
60187
11918
49020
13337
7777
38050
48058
16274
48729
35009
58884
62382
38105
28852
63383
8774
64854
62264
50706
22668
54105
9204
63707
4012
19574
36651
41764
36678
1594
47746
1089
61782
59664
50110
9583
1906
22624
57641
18180
5817
27114
11529
2664
65220
40381
511
8458
39700
62775
59164
62368
51344
2832
60539
55356
22406
31655
31585
59084
33249
13795
60174
29495
7923
44748
39078
9829
1836
31184
28010
7653
58298
39539
10317
57982
14384
10828
905
54084
8067
60069
50916
59411
62902
45920
49232
19772
12039
15281
13321
45288
29076
7959
9248
36999
52707
48326
46829
54543
13974
9303
62196
6737
48842
6978
64719
63226
17806
88
51775
25874
60158
37155
19749
57524
17539
3445
11760
29578
18726
25081
9331
47802
33040
18579
19266
20211
1369
559
9218
15344
9862
5879
22081
58704
12857
21264
56394
30663
21353
42633
56537
15975
14253
10751
7963
31792
14196
19723
61371
32923
44805
5166
15189
12309
23745
34455
32521
25114
35014
41739
40458
44876
47618
62539
38044
60475
18268
28903
25603
39621
6000
16604
55596
20253
27355
63559
52046
41552
17746
47881
8939
62551
53047
24128
9325
11256
58584
41846
36370
28062
18049
11293
7403
132
8296
45447
60607
26564
8814
20674
649
14815
37279
56245
35068
64634
54268
21578
40650
6479
3923
49589
3494
56970
8182
12819
2690
1230
54665
39061
29292
7179
50354
36695
7311
58650
16607
2382
19679
25421
23057
20328
40236
60336
11038
9769
59434
65306
31347
34549
6249
35271
18602
9744
26705
26784
22563
29396
28014
11693
2921
57307
18872
53275
28466
26183
46389
45073
28565
532
4959
51622
20861
45195
46422
31899
54964
40321
31669
20776
9334
37919
56047
27936
47663
17216
54721
4690
46612
17199
16383
49533
8970
35255
37272
37437
61438
18126
16974
24468
18658
21933
10554
39519
1593
56977
5882
56557
31762
37552
11797
41096
9935
2308
3496
57598
19525
58217
62288
601
9881
13136
50135
18851
48391
21871
56288
44294
39997
7727
3226
58656
29660
13780
32639
31253
5221
38522
22275
36983
10538
34072
12543
20473
36381
16040
12535
55906
8721
9287
56507
18602
22423
41106
37454
5279
62978
28206
49573
37439
35933
52799
30559
58
1043
63199
31311
6265
36185
53586
43248
46723
22123
55792
1660
58504
6296
14195
48874
15017
23482
39845
33620
45906
15416
5538
51185
12858
33744
35222
50297
4142
22485
